SwinGame Animation #v1

f: 0, 0, 1,

i:StillDown,0

f: 1, 1, 8, 2
f: 2, 2, 8, 3
f: 3, 1, 8, 4
f: 4, 3, 8, 5
f: 5, 4, 8, 6
f: 6, 3, 8, 1

i:WalkDown,1

f: 7, 6, 8, 8
f: 8, 7, 8, 9
f: 9, 6, 8, 10
f: 10, 8, 8, 11
f: 11, 9, 8, 12
f: 12, 8, 8, 7

i:WalkUp,7

f: 13, 11, 8, 14
f: 14, 12, 8, 15
f: 15, 11, 8, 16
f: 16, 13, 8, 17
f: 17, 14, 8, 18
f: 18, 13, 8, 13

i:WalkLeft,13

f: 19, 16, 8, 20
f: 20, 17, 8, 21
f: 21, 16, 8, 22
f: 22, 18, 8, 23
f: 23, 19, 8, 24
f: 24, 18, 8, 19

i:WalkRight,19

f: 25, 5, 1,

i:StillUp,25

f: 26, 10, 1,

i:StillLeft,26

f: 27, 15, 1,

i:StillRight,27

